{
 "cells": [
  {
   "cell_type": "code",
   "execution_count": 1,
   "metadata": {},
   "outputs": [],
   "source": [
    "import pandas as pd\n",
    "import numpy as np\n",
    "import seaborn as sns\n",
    "import matplotlib.pyplot as plt\n",
    "from sklearn.metrics import accuracy_score,confusion_matrix\n",
    "from sklearn.linear_model import LinearRegression,LogisticRegression\n",
    "from sklearn.model_selection import train_test_split"
   ]
  },
  {
   "cell_type": "code",
   "execution_count": 2,
   "metadata": {},
   "outputs": [],
   "source": [
    "data = pd.read_csv(\"D:/Desktop/house price/train.csv\")"
   ]
  },
  {
   "cell_type": "code",
   "execution_count": 3,
   "metadata": {},
   "outputs": [],
   "source": [
    "copy = data.copy()"
   ]
  },
  {
   "cell_type": "code",
   "execution_count": 4,
   "metadata": {},
   "outputs": [
    {
     "data": {
      "text/html": [
       "<div>\n",
       "<style scoped>\n",
       "    .dataframe tbody tr th:only-of-type {\n",
       "        vertical-align: middle;\n",
       "    }\n",
       "\n",
       "    .dataframe tbody tr th {\n",
       "        vertical-align: top;\n",
       "    }\n",
       "\n",
       "    .dataframe thead th {\n",
       "        text-align: right;\n",
       "    }\n",
       "</style>\n",
       "<table border=\"1\" class=\"dataframe\">\n",
       "  <thead>\n",
       "    <tr style=\"text-align: right;\">\n",
       "      <th></th>\n",
       "      <th>POSTED_BY</th>\n",
       "      <th>UNDER_CONSTRUCTION</th>\n",
       "      <th>RERA</th>\n",
       "      <th>BHK_NO.</th>\n",
       "      <th>BHK_OR_RK</th>\n",
       "      <th>SQUARE_FT</th>\n",
       "      <th>READY_TO_MOVE</th>\n",
       "      <th>RESALE</th>\n",
       "      <th>ADDRESS</th>\n",
       "      <th>LONGITUDE</th>\n",
       "      <th>LATITUDE</th>\n",
       "      <th>TARGET(PRICE_IN_LACS)</th>\n",
       "    </tr>\n",
       "  </thead>\n",
       "  <tbody>\n",
       "    <tr>\n",
       "      <th>0</th>\n",
       "      <td>Owner</td>\n",
       "      <td>0</td>\n",
       "      <td>0</td>\n",
       "      <td>2</td>\n",
       "      <td>BHK</td>\n",
       "      <td>1300.236407</td>\n",
       "      <td>1</td>\n",
       "      <td>1</td>\n",
       "      <td>Ksfc Layout,Bangalore</td>\n",
       "      <td>12.969910</td>\n",
       "      <td>77.597960</td>\n",
       "      <td>55.0</td>\n",
       "    </tr>\n",
       "    <tr>\n",
       "      <th>1</th>\n",
       "      <td>Dealer</td>\n",
       "      <td>0</td>\n",
       "      <td>0</td>\n",
       "      <td>2</td>\n",
       "      <td>BHK</td>\n",
       "      <td>1275.000000</td>\n",
       "      <td>1</td>\n",
       "      <td>1</td>\n",
       "      <td>Vishweshwara Nagar,Mysore</td>\n",
       "      <td>12.274538</td>\n",
       "      <td>76.644605</td>\n",
       "      <td>51.0</td>\n",
       "    </tr>\n",
       "    <tr>\n",
       "      <th>2</th>\n",
       "      <td>Owner</td>\n",
       "      <td>0</td>\n",
       "      <td>0</td>\n",
       "      <td>2</td>\n",
       "      <td>BHK</td>\n",
       "      <td>933.159722</td>\n",
       "      <td>1</td>\n",
       "      <td>1</td>\n",
       "      <td>Jigani,Bangalore</td>\n",
       "      <td>12.778033</td>\n",
       "      <td>77.632191</td>\n",
       "      <td>43.0</td>\n",
       "    </tr>\n",
       "    <tr>\n",
       "      <th>3</th>\n",
       "      <td>Owner</td>\n",
       "      <td>0</td>\n",
       "      <td>1</td>\n",
       "      <td>2</td>\n",
       "      <td>BHK</td>\n",
       "      <td>929.921143</td>\n",
       "      <td>1</td>\n",
       "      <td>1</td>\n",
       "      <td>Sector-1 Vaishali,Ghaziabad</td>\n",
       "      <td>28.642300</td>\n",
       "      <td>77.344500</td>\n",
       "      <td>62.5</td>\n",
       "    </tr>\n",
       "    <tr>\n",
       "      <th>4</th>\n",
       "      <td>Dealer</td>\n",
       "      <td>1</td>\n",
       "      <td>0</td>\n",
       "      <td>2</td>\n",
       "      <td>BHK</td>\n",
       "      <td>999.009247</td>\n",
       "      <td>0</td>\n",
       "      <td>1</td>\n",
       "      <td>New Town,Kolkata</td>\n",
       "      <td>22.592200</td>\n",
       "      <td>88.484911</td>\n",
       "      <td>60.5</td>\n",
       "    </tr>\n",
       "  </tbody>\n",
       "</table>\n",
       "</div>"
      ],
      "text/plain": [
       "  POSTED_BY  UNDER_CONSTRUCTION  RERA  BHK_NO. BHK_OR_RK    SQUARE_FT  \\\n",
       "0     Owner                   0     0        2       BHK  1300.236407   \n",
       "1    Dealer                   0     0        2       BHK  1275.000000   \n",
       "2     Owner                   0     0        2       BHK   933.159722   \n",
       "3     Owner                   0     1        2       BHK   929.921143   \n",
       "4    Dealer                   1     0        2       BHK   999.009247   \n",
       "\n",
       "   READY_TO_MOVE  RESALE                      ADDRESS  LONGITUDE   LATITUDE  \\\n",
       "0              1       1        Ksfc Layout,Bangalore  12.969910  77.597960   \n",
       "1              1       1    Vishweshwara Nagar,Mysore  12.274538  76.644605   \n",
       "2              1       1             Jigani,Bangalore  12.778033  77.632191   \n",
       "3              1       1  Sector-1 Vaishali,Ghaziabad  28.642300  77.344500   \n",
       "4              0       1             New Town,Kolkata  22.592200  88.484911   \n",
       "\n",
       "   TARGET(PRICE_IN_LACS)  \n",
       "0                   55.0  \n",
       "1                   51.0  \n",
       "2                   43.0  \n",
       "3                   62.5  \n",
       "4                   60.5  "
      ]
     },
     "execution_count": 4,
     "metadata": {},
     "output_type": "execute_result"
    }
   ],
   "source": [
    "copy.head()"
   ]
  },
  {
   "cell_type": "code",
   "execution_count": 5,
   "metadata": {},
   "outputs": [
    {
     "data": {
      "text/html": [
       "<div>\n",
       "<style scoped>\n",
       "    .dataframe tbody tr th:only-of-type {\n",
       "        vertical-align: middle;\n",
       "    }\n",
       "\n",
       "    .dataframe tbody tr th {\n",
       "        vertical-align: top;\n",
       "    }\n",
       "\n",
       "    .dataframe thead th {\n",
       "        text-align: right;\n",
       "    }\n",
       "</style>\n",
       "<table border=\"1\" class=\"dataframe\">\n",
       "  <thead>\n",
       "    <tr style=\"text-align: right;\">\n",
       "      <th></th>\n",
       "      <th>UNDER_CONSTRUCTION</th>\n",
       "      <th>RERA</th>\n",
       "      <th>BHK_NO.</th>\n",
       "      <th>SQUARE_FT</th>\n",
       "      <th>READY_TO_MOVE</th>\n",
       "      <th>RESALE</th>\n",
       "      <th>LONGITUDE</th>\n",
       "      <th>LATITUDE</th>\n",
       "      <th>TARGET(PRICE_IN_LACS)</th>\n",
       "    </tr>\n",
       "  </thead>\n",
       "  <tbody>\n",
       "    <tr>\n",
       "      <th>UNDER_CONSTRUCTION</th>\n",
       "      <td>1.000000</td>\n",
       "      <td>0.363826</td>\n",
       "      <td>-0.040712</td>\n",
       "      <td>-0.004204</td>\n",
       "      <td>-1.000000</td>\n",
       "      <td>-0.347405</td>\n",
       "      <td>0.006440</td>\n",
       "      <td>-0.000381</td>\n",
       "      <td>0.055399</td>\n",
       "    </tr>\n",
       "    <tr>\n",
       "      <th>RERA</th>\n",
       "      <td>0.363826</td>\n",
       "      <td>1.000000</td>\n",
       "      <td>0.009547</td>\n",
       "      <td>-0.006229</td>\n",
       "      <td>-0.363826</td>\n",
       "      <td>-0.270351</td>\n",
       "      <td>0.104976</td>\n",
       "      <td>-0.065106</td>\n",
       "      <td>0.067636</td>\n",
       "    </tr>\n",
       "    <tr>\n",
       "      <th>BHK_NO.</th>\n",
       "      <td>-0.040712</td>\n",
       "      <td>0.009547</td>\n",
       "      <td>1.000000</td>\n",
       "      <td>0.005303</td>\n",
       "      <td>0.040712</td>\n",
       "      <td>0.014581</td>\n",
       "      <td>0.068730</td>\n",
       "      <td>0.046930</td>\n",
       "      <td>0.112283</td>\n",
       "    </tr>\n",
       "    <tr>\n",
       "      <th>SQUARE_FT</th>\n",
       "      <td>-0.004204</td>\n",
       "      <td>-0.006229</td>\n",
       "      <td>0.005303</td>\n",
       "      <td>1.000000</td>\n",
       "      <td>0.004204</td>\n",
       "      <td>0.001732</td>\n",
       "      <td>-0.012591</td>\n",
       "      <td>0.000803</td>\n",
       "      <td>0.402685</td>\n",
       "    </tr>\n",
       "    <tr>\n",
       "      <th>READY_TO_MOVE</th>\n",
       "      <td>-1.000000</td>\n",
       "      <td>-0.363826</td>\n",
       "      <td>0.040712</td>\n",
       "      <td>0.004204</td>\n",
       "      <td>1.000000</td>\n",
       "      <td>0.347405</td>\n",
       "      <td>-0.006440</td>\n",
       "      <td>0.000381</td>\n",
       "      <td>-0.055399</td>\n",
       "    </tr>\n",
       "    <tr>\n",
       "      <th>RESALE</th>\n",
       "      <td>-0.347405</td>\n",
       "      <td>-0.270351</td>\n",
       "      <td>0.014581</td>\n",
       "      <td>0.001732</td>\n",
       "      <td>0.347405</td>\n",
       "      <td>1.000000</td>\n",
       "      <td>0.024038</td>\n",
       "      <td>0.014844</td>\n",
       "      <td>-0.207378</td>\n",
       "    </tr>\n",
       "    <tr>\n",
       "      <th>LONGITUDE</th>\n",
       "      <td>0.006440</td>\n",
       "      <td>0.104976</td>\n",
       "      <td>0.068730</td>\n",
       "      <td>-0.012591</td>\n",
       "      <td>-0.006440</td>\n",
       "      <td>0.024038</td>\n",
       "      <td>1.000000</td>\n",
       "      <td>-0.155062</td>\n",
       "      <td>-0.031112</td>\n",
       "    </tr>\n",
       "    <tr>\n",
       "      <th>LATITUDE</th>\n",
       "      <td>-0.000381</td>\n",
       "      <td>-0.065106</td>\n",
       "      <td>0.046930</td>\n",
       "      <td>0.000803</td>\n",
       "      <td>0.000381</td>\n",
       "      <td>0.014844</td>\n",
       "      <td>-0.155062</td>\n",
       "      <td>1.000000</td>\n",
       "      <td>-0.017254</td>\n",
       "    </tr>\n",
       "    <tr>\n",
       "      <th>TARGET(PRICE_IN_LACS)</th>\n",
       "      <td>0.055399</td>\n",
       "      <td>0.067636</td>\n",
       "      <td>0.112283</td>\n",
       "      <td>0.402685</td>\n",
       "      <td>-0.055399</td>\n",
       "      <td>-0.207378</td>\n",
       "      <td>-0.031112</td>\n",
       "      <td>-0.017254</td>\n",
       "      <td>1.000000</td>\n",
       "    </tr>\n",
       "  </tbody>\n",
       "</table>\n",
       "</div>"
      ],
      "text/plain": [
       "                       UNDER_CONSTRUCTION      RERA   BHK_NO.  SQUARE_FT  \\\n",
       "UNDER_CONSTRUCTION               1.000000  0.363826 -0.040712  -0.004204   \n",
       "RERA                             0.363826  1.000000  0.009547  -0.006229   \n",
       "BHK_NO.                         -0.040712  0.009547  1.000000   0.005303   \n",
       "SQUARE_FT                       -0.004204 -0.006229  0.005303   1.000000   \n",
       "READY_TO_MOVE                   -1.000000 -0.363826  0.040712   0.004204   \n",
       "RESALE                          -0.347405 -0.270351  0.014581   0.001732   \n",
       "LONGITUDE                        0.006440  0.104976  0.068730  -0.012591   \n",
       "LATITUDE                        -0.000381 -0.065106  0.046930   0.000803   \n",
       "TARGET(PRICE_IN_LACS)            0.055399  0.067636  0.112283   0.402685   \n",
       "\n",
       "                       READY_TO_MOVE    RESALE  LONGITUDE  LATITUDE  \\\n",
       "UNDER_CONSTRUCTION         -1.000000 -0.347405   0.006440 -0.000381   \n",
       "RERA                       -0.363826 -0.270351   0.104976 -0.065106   \n",
       "BHK_NO.                     0.040712  0.014581   0.068730  0.046930   \n",
       "SQUARE_FT                   0.004204  0.001732  -0.012591  0.000803   \n",
       "READY_TO_MOVE               1.000000  0.347405  -0.006440  0.000381   \n",
       "RESALE                      0.347405  1.000000   0.024038  0.014844   \n",
       "LONGITUDE                  -0.006440  0.024038   1.000000 -0.155062   \n",
       "LATITUDE                    0.000381  0.014844  -0.155062  1.000000   \n",
       "TARGET(PRICE_IN_LACS)      -0.055399 -0.207378  -0.031112 -0.017254   \n",
       "\n",
       "                       TARGET(PRICE_IN_LACS)  \n",
       "UNDER_CONSTRUCTION                  0.055399  \n",
       "RERA                                0.067636  \n",
       "BHK_NO.                             0.112283  \n",
       "SQUARE_FT                           0.402685  \n",
       "READY_TO_MOVE                      -0.055399  \n",
       "RESALE                             -0.207378  \n",
       "LONGITUDE                          -0.031112  \n",
       "LATITUDE                           -0.017254  \n",
       "TARGET(PRICE_IN_LACS)               1.000000  "
      ]
     },
     "execution_count": 5,
     "metadata": {},
     "output_type": "execute_result"
    }
   ],
   "source": [
    "copy.corr()"
   ]
  },
  {
   "cell_type": "code",
   "execution_count": 6,
   "metadata": {},
   "outputs": [],
   "source": [
    "# Important columns are Under_construction, BHK_NO, Sq feet, rera,resale"
   ]
  },
  {
   "cell_type": "code",
   "execution_count": 7,
   "metadata": {},
   "outputs": [],
   "source": [
    "# Convert strings to integers"
   ]
  },
  {
   "cell_type": "code",
   "execution_count": 8,
   "metadata": {},
   "outputs": [
    {
     "data": {
      "text/plain": [
       "POSTED_BY                0\n",
       "UNDER_CONSTRUCTION       0\n",
       "RERA                     0\n",
       "BHK_NO.                  0\n",
       "BHK_OR_RK                0\n",
       "SQUARE_FT                0\n",
       "READY_TO_MOVE            0\n",
       "RESALE                   0\n",
       "ADDRESS                  0\n",
       "LONGITUDE                0\n",
       "LATITUDE                 0\n",
       "TARGET(PRICE_IN_LACS)    0\n",
       "dtype: int64"
      ]
     },
     "execution_count": 8,
     "metadata": {},
     "output_type": "execute_result"
    }
   ],
   "source": [
    "copy.isna().sum()"
   ]
  },
  {
   "cell_type": "code",
   "execution_count": 9,
   "metadata": {},
   "outputs": [
    {
     "data": {
      "text/plain": [
       "BHK    29427\n",
       "RK        24\n",
       "Name: BHK_OR_RK, dtype: int64"
      ]
     },
     "execution_count": 9,
     "metadata": {},
     "output_type": "execute_result"
    }
   ],
   "source": [
    "copy[\"BHK_OR_RK\"].value_counts()"
   ]
  },
  {
   "cell_type": "code",
   "execution_count": 10,
   "metadata": {},
   "outputs": [],
   "source": [
    "bhk_or_rk = []\n",
    "for i in range(len(copy[\"BHK_OR_RK\"])):\n",
    "    if copy[\"BHK_OR_RK\"][i] == \"BHK\":\n",
    "        bhk_or_rk.append(1)\n",
    "    else:\n",
    "        bhk_or_rk.append(2)"
   ]
  },
  {
   "cell_type": "code",
   "execution_count": 13,
   "metadata": {},
   "outputs": [],
   "source": [
    "copy.insert( 11,\"bhk_or_rk\" , bhk_or_rk,True)"
   ]
  },
  {
   "cell_type": "code",
   "execution_count": 15,
   "metadata": {},
   "outputs": [
    {
     "data": {
      "text/html": [
       "<div>\n",
       "<style scoped>\n",
       "    .dataframe tbody tr th:only-of-type {\n",
       "        vertical-align: middle;\n",
       "    }\n",
       "\n",
       "    .dataframe tbody tr th {\n",
       "        vertical-align: top;\n",
       "    }\n",
       "\n",
       "    .dataframe thead th {\n",
       "        text-align: right;\n",
       "    }\n",
       "</style>\n",
       "<table border=\"1\" class=\"dataframe\">\n",
       "  <thead>\n",
       "    <tr style=\"text-align: right;\">\n",
       "      <th></th>\n",
       "      <th>UNDER_CONSTRUCTION</th>\n",
       "      <th>RERA</th>\n",
       "      <th>BHK_NO.</th>\n",
       "      <th>SQUARE_FT</th>\n",
       "      <th>READY_TO_MOVE</th>\n",
       "      <th>RESALE</th>\n",
       "      <th>LONGITUDE</th>\n",
       "      <th>LATITUDE</th>\n",
       "      <th>bhk_or_rk</th>\n",
       "      <th>TARGET(PRICE_IN_LACS)</th>\n",
       "    </tr>\n",
       "  </thead>\n",
       "  <tbody>\n",
       "    <tr>\n",
       "      <th>UNDER_CONSTRUCTION</th>\n",
       "      <td>1.000000</td>\n",
       "      <td>0.363826</td>\n",
       "      <td>-0.040712</td>\n",
       "      <td>-0.004204</td>\n",
       "      <td>-1.000000</td>\n",
       "      <td>-0.347405</td>\n",
       "      <td>0.006440</td>\n",
       "      <td>-0.000381</td>\n",
       "      <td>0.020719</td>\n",
       "      <td>0.055399</td>\n",
       "    </tr>\n",
       "    <tr>\n",
       "      <th>RERA</th>\n",
       "      <td>0.363826</td>\n",
       "      <td>1.000000</td>\n",
       "      <td>0.009547</td>\n",
       "      <td>-0.006229</td>\n",
       "      <td>-0.363826</td>\n",
       "      <td>-0.270351</td>\n",
       "      <td>0.104976</td>\n",
       "      <td>-0.065106</td>\n",
       "      <td>0.006056</td>\n",
       "      <td>0.067636</td>\n",
       "    </tr>\n",
       "    <tr>\n",
       "      <th>BHK_NO.</th>\n",
       "      <td>-0.040712</td>\n",
       "      <td>0.009547</td>\n",
       "      <td>1.000000</td>\n",
       "      <td>0.005303</td>\n",
       "      <td>0.040712</td>\n",
       "      <td>0.014581</td>\n",
       "      <td>0.068730</td>\n",
       "      <td>0.046930</td>\n",
       "      <td>-0.045231</td>\n",
       "      <td>0.112283</td>\n",
       "    </tr>\n",
       "    <tr>\n",
       "      <th>SQUARE_FT</th>\n",
       "      <td>-0.004204</td>\n",
       "      <td>-0.006229</td>\n",
       "      <td>0.005303</td>\n",
       "      <td>1.000000</td>\n",
       "      <td>0.004204</td>\n",
       "      <td>0.001732</td>\n",
       "      <td>-0.012591</td>\n",
       "      <td>0.000803</td>\n",
       "      <td>-0.000292</td>\n",
       "      <td>0.402685</td>\n",
       "    </tr>\n",
       "    <tr>\n",
       "      <th>READY_TO_MOVE</th>\n",
       "      <td>-1.000000</td>\n",
       "      <td>-0.363826</td>\n",
       "      <td>0.040712</td>\n",
       "      <td>0.004204</td>\n",
       "      <td>1.000000</td>\n",
       "      <td>0.347405</td>\n",
       "      <td>-0.006440</td>\n",
       "      <td>0.000381</td>\n",
       "      <td>-0.020719</td>\n",
       "      <td>-0.055399</td>\n",
       "    </tr>\n",
       "    <tr>\n",
       "      <th>RESALE</th>\n",
       "      <td>-0.347405</td>\n",
       "      <td>-0.270351</td>\n",
       "      <td>0.014581</td>\n",
       "      <td>0.001732</td>\n",
       "      <td>0.347405</td>\n",
       "      <td>1.000000</td>\n",
       "      <td>0.024038</td>\n",
       "      <td>0.014844</td>\n",
       "      <td>-0.029346</td>\n",
       "      <td>-0.207378</td>\n",
       "    </tr>\n",
       "    <tr>\n",
       "      <th>LONGITUDE</th>\n",
       "      <td>0.006440</td>\n",
       "      <td>0.104976</td>\n",
       "      <td>0.068730</td>\n",
       "      <td>-0.012591</td>\n",
       "      <td>-0.006440</td>\n",
       "      <td>0.024038</td>\n",
       "      <td>1.000000</td>\n",
       "      <td>-0.155062</td>\n",
       "      <td>0.009095</td>\n",
       "      <td>-0.031112</td>\n",
       "    </tr>\n",
       "    <tr>\n",
       "      <th>LATITUDE</th>\n",
       "      <td>-0.000381</td>\n",
       "      <td>-0.065106</td>\n",
       "      <td>0.046930</td>\n",
       "      <td>0.000803</td>\n",
       "      <td>0.000381</td>\n",
       "      <td>0.014844</td>\n",
       "      <td>-0.155062</td>\n",
       "      <td>1.000000</td>\n",
       "      <td>0.000303</td>\n",
       "      <td>-0.017254</td>\n",
       "    </tr>\n",
       "    <tr>\n",
       "      <th>bhk_or_rk</th>\n",
       "      <td>0.020719</td>\n",
       "      <td>0.006056</td>\n",
       "      <td>-0.045231</td>\n",
       "      <td>-0.000292</td>\n",
       "      <td>-0.020719</td>\n",
       "      <td>-0.029346</td>\n",
       "      <td>0.009095</td>\n",
       "      <td>0.000303</td>\n",
       "      <td>1.000000</td>\n",
       "      <td>-0.004429</td>\n",
       "    </tr>\n",
       "    <tr>\n",
       "      <th>TARGET(PRICE_IN_LACS)</th>\n",
       "      <td>0.055399</td>\n",
       "      <td>0.067636</td>\n",
       "      <td>0.112283</td>\n",
       "      <td>0.402685</td>\n",
       "      <td>-0.055399</td>\n",
       "      <td>-0.207378</td>\n",
       "      <td>-0.031112</td>\n",
       "      <td>-0.017254</td>\n",
       "      <td>-0.004429</td>\n",
       "      <td>1.000000</td>\n",
       "    </tr>\n",
       "  </tbody>\n",
       "</table>\n",
       "</div>"
      ],
      "text/plain": [
       "                       UNDER_CONSTRUCTION      RERA   BHK_NO.  SQUARE_FT  \\\n",
       "UNDER_CONSTRUCTION               1.000000  0.363826 -0.040712  -0.004204   \n",
       "RERA                             0.363826  1.000000  0.009547  -0.006229   \n",
       "BHK_NO.                         -0.040712  0.009547  1.000000   0.005303   \n",
       "SQUARE_FT                       -0.004204 -0.006229  0.005303   1.000000   \n",
       "READY_TO_MOVE                   -1.000000 -0.363826  0.040712   0.004204   \n",
       "RESALE                          -0.347405 -0.270351  0.014581   0.001732   \n",
       "LONGITUDE                        0.006440  0.104976  0.068730  -0.012591   \n",
       "LATITUDE                        -0.000381 -0.065106  0.046930   0.000803   \n",
       "bhk_or_rk                        0.020719  0.006056 -0.045231  -0.000292   \n",
       "TARGET(PRICE_IN_LACS)            0.055399  0.067636  0.112283   0.402685   \n",
       "\n",
       "                       READY_TO_MOVE    RESALE  LONGITUDE  LATITUDE  \\\n",
       "UNDER_CONSTRUCTION         -1.000000 -0.347405   0.006440 -0.000381   \n",
       "RERA                       -0.363826 -0.270351   0.104976 -0.065106   \n",
       "BHK_NO.                     0.040712  0.014581   0.068730  0.046930   \n",
       "SQUARE_FT                   0.004204  0.001732  -0.012591  0.000803   \n",
       "READY_TO_MOVE               1.000000  0.347405  -0.006440  0.000381   \n",
       "RESALE                      0.347405  1.000000   0.024038  0.014844   \n",
       "LONGITUDE                  -0.006440  0.024038   1.000000 -0.155062   \n",
       "LATITUDE                    0.000381  0.014844  -0.155062  1.000000   \n",
       "bhk_or_rk                  -0.020719 -0.029346   0.009095  0.000303   \n",
       "TARGET(PRICE_IN_LACS)      -0.055399 -0.207378  -0.031112 -0.017254   \n",
       "\n",
       "                       bhk_or_rk  TARGET(PRICE_IN_LACS)  \n",
       "UNDER_CONSTRUCTION      0.020719               0.055399  \n",
       "RERA                    0.006056               0.067636  \n",
       "BHK_NO.                -0.045231               0.112283  \n",
       "SQUARE_FT              -0.000292               0.402685  \n",
       "READY_TO_MOVE          -0.020719              -0.055399  \n",
       "RESALE                 -0.029346              -0.207378  \n",
       "LONGITUDE               0.009095              -0.031112  \n",
       "LATITUDE                0.000303              -0.017254  \n",
       "bhk_or_rk               1.000000              -0.004429  \n",
       "TARGET(PRICE_IN_LACS)  -0.004429               1.000000  "
      ]
     },
     "execution_count": 15,
     "metadata": {},
     "output_type": "execute_result"
    }
   ],
   "source": [
    "copy.corr()"
   ]
  },
  {
   "cell_type": "code",
   "execution_count": 16,
   "metadata": {},
   "outputs": [],
   "source": [
    "posted = []\n",
    "for i in range(len(copy[\"BHK_OR_RK\"])):\n",
    "    if copy[\"POSTED_BY\"][i] == \"Owner\":\n",
    "        posted.append(1)\n",
    "    else:\n",
    "        posted.append(2)"
   ]
  },
  {
   "cell_type": "code",
   "execution_count": 17,
   "metadata": {},
   "outputs": [],
   "source": [
    "copy.insert( 12,\"posted\" , posted,True)"
   ]
  },
  {
   "cell_type": "code",
   "execution_count": 18,
   "metadata": {},
   "outputs": [
    {
     "data": {
      "text/html": [
       "<div>\n",
       "<style scoped>\n",
       "    .dataframe tbody tr th:only-of-type {\n",
       "        vertical-align: middle;\n",
       "    }\n",
       "\n",
       "    .dataframe tbody tr th {\n",
       "        vertical-align: top;\n",
       "    }\n",
       "\n",
       "    .dataframe thead th {\n",
       "        text-align: right;\n",
       "    }\n",
       "</style>\n",
       "<table border=\"1\" class=\"dataframe\">\n",
       "  <thead>\n",
       "    <tr style=\"text-align: right;\">\n",
       "      <th></th>\n",
       "      <th>UNDER_CONSTRUCTION</th>\n",
       "      <th>RERA</th>\n",
       "      <th>BHK_NO.</th>\n",
       "      <th>SQUARE_FT</th>\n",
       "      <th>READY_TO_MOVE</th>\n",
       "      <th>RESALE</th>\n",
       "      <th>LONGITUDE</th>\n",
       "      <th>LATITUDE</th>\n",
       "      <th>bhk_or_rk</th>\n",
       "      <th>posted</th>\n",
       "      <th>TARGET(PRICE_IN_LACS)</th>\n",
       "    </tr>\n",
       "  </thead>\n",
       "  <tbody>\n",
       "    <tr>\n",
       "      <th>UNDER_CONSTRUCTION</th>\n",
       "      <td>1.000000</td>\n",
       "      <td>0.363826</td>\n",
       "      <td>-0.040712</td>\n",
       "      <td>-0.004204</td>\n",
       "      <td>-1.000000</td>\n",
       "      <td>-0.347405</td>\n",
       "      <td>0.006440</td>\n",
       "      <td>-0.000381</td>\n",
       "      <td>0.020719</td>\n",
       "      <td>0.227133</td>\n",
       "      <td>0.055399</td>\n",
       "    </tr>\n",
       "    <tr>\n",
       "      <th>RERA</th>\n",
       "      <td>0.363826</td>\n",
       "      <td>1.000000</td>\n",
       "      <td>0.009547</td>\n",
       "      <td>-0.006229</td>\n",
       "      <td>-0.363826</td>\n",
       "      <td>-0.270351</td>\n",
       "      <td>0.104976</td>\n",
       "      <td>-0.065106</td>\n",
       "      <td>0.006056</td>\n",
       "      <td>0.273075</td>\n",
       "      <td>0.067636</td>\n",
       "    </tr>\n",
       "    <tr>\n",
       "      <th>BHK_NO.</th>\n",
       "      <td>-0.040712</td>\n",
       "      <td>0.009547</td>\n",
       "      <td>1.000000</td>\n",
       "      <td>0.005303</td>\n",
       "      <td>0.040712</td>\n",
       "      <td>0.014581</td>\n",
       "      <td>0.068730</td>\n",
       "      <td>0.046930</td>\n",
       "      <td>-0.045231</td>\n",
       "      <td>0.085238</td>\n",
       "      <td>0.112283</td>\n",
       "    </tr>\n",
       "    <tr>\n",
       "      <th>SQUARE_FT</th>\n",
       "      <td>-0.004204</td>\n",
       "      <td>-0.006229</td>\n",
       "      <td>0.005303</td>\n",
       "      <td>1.000000</td>\n",
       "      <td>0.004204</td>\n",
       "      <td>0.001732</td>\n",
       "      <td>-0.012591</td>\n",
       "      <td>0.000803</td>\n",
       "      <td>-0.000292</td>\n",
       "      <td>-0.005457</td>\n",
       "      <td>0.402685</td>\n",
       "    </tr>\n",
       "    <tr>\n",
       "      <th>READY_TO_MOVE</th>\n",
       "      <td>-1.000000</td>\n",
       "      <td>-0.363826</td>\n",
       "      <td>0.040712</td>\n",
       "      <td>0.004204</td>\n",
       "      <td>1.000000</td>\n",
       "      <td>0.347405</td>\n",
       "      <td>-0.006440</td>\n",
       "      <td>0.000381</td>\n",
       "      <td>-0.020719</td>\n",
       "      <td>-0.227133</td>\n",
       "      <td>-0.055399</td>\n",
       "    </tr>\n",
       "    <tr>\n",
       "      <th>RESALE</th>\n",
       "      <td>-0.347405</td>\n",
       "      <td>-0.270351</td>\n",
       "      <td>0.014581</td>\n",
       "      <td>0.001732</td>\n",
       "      <td>0.347405</td>\n",
       "      <td>1.000000</td>\n",
       "      <td>0.024038</td>\n",
       "      <td>0.014844</td>\n",
       "      <td>-0.029346</td>\n",
       "      <td>-0.198531</td>\n",
       "      <td>-0.207378</td>\n",
       "    </tr>\n",
       "    <tr>\n",
       "      <th>LONGITUDE</th>\n",
       "      <td>0.006440</td>\n",
       "      <td>0.104976</td>\n",
       "      <td>0.068730</td>\n",
       "      <td>-0.012591</td>\n",
       "      <td>-0.006440</td>\n",
       "      <td>0.024038</td>\n",
       "      <td>1.000000</td>\n",
       "      <td>-0.155062</td>\n",
       "      <td>0.009095</td>\n",
       "      <td>0.062615</td>\n",
       "      <td>-0.031112</td>\n",
       "    </tr>\n",
       "    <tr>\n",
       "      <th>LATITUDE</th>\n",
       "      <td>-0.000381</td>\n",
       "      <td>-0.065106</td>\n",
       "      <td>0.046930</td>\n",
       "      <td>0.000803</td>\n",
       "      <td>0.000381</td>\n",
       "      <td>0.014844</td>\n",
       "      <td>-0.155062</td>\n",
       "      <td>1.000000</td>\n",
       "      <td>0.000303</td>\n",
       "      <td>-0.026967</td>\n",
       "      <td>-0.017254</td>\n",
       "    </tr>\n",
       "    <tr>\n",
       "      <th>bhk_or_rk</th>\n",
       "      <td>0.020719</td>\n",
       "      <td>0.006056</td>\n",
       "      <td>-0.045231</td>\n",
       "      <td>-0.000292</td>\n",
       "      <td>-0.020719</td>\n",
       "      <td>-0.029346</td>\n",
       "      <td>0.009095</td>\n",
       "      <td>0.000303</td>\n",
       "      <td>1.000000</td>\n",
       "      <td>0.018835</td>\n",
       "      <td>-0.004429</td>\n",
       "    </tr>\n",
       "    <tr>\n",
       "      <th>posted</th>\n",
       "      <td>0.227133</td>\n",
       "      <td>0.273075</td>\n",
       "      <td>0.085238</td>\n",
       "      <td>-0.005457</td>\n",
       "      <td>-0.227133</td>\n",
       "      <td>-0.198531</td>\n",
       "      <td>0.062615</td>\n",
       "      <td>-0.026967</td>\n",
       "      <td>0.018835</td>\n",
       "      <td>1.000000</td>\n",
       "      <td>0.093437</td>\n",
       "    </tr>\n",
       "    <tr>\n",
       "      <th>TARGET(PRICE_IN_LACS)</th>\n",
       "      <td>0.055399</td>\n",
       "      <td>0.067636</td>\n",
       "      <td>0.112283</td>\n",
       "      <td>0.402685</td>\n",
       "      <td>-0.055399</td>\n",
       "      <td>-0.207378</td>\n",
       "      <td>-0.031112</td>\n",
       "      <td>-0.017254</td>\n",
       "      <td>-0.004429</td>\n",
       "      <td>0.093437</td>\n",
       "      <td>1.000000</td>\n",
       "    </tr>\n",
       "  </tbody>\n",
       "</table>\n",
       "</div>"
      ],
      "text/plain": [
       "                       UNDER_CONSTRUCTION      RERA   BHK_NO.  SQUARE_FT  \\\n",
       "UNDER_CONSTRUCTION               1.000000  0.363826 -0.040712  -0.004204   \n",
       "RERA                             0.363826  1.000000  0.009547  -0.006229   \n",
       "BHK_NO.                         -0.040712  0.009547  1.000000   0.005303   \n",
       "SQUARE_FT                       -0.004204 -0.006229  0.005303   1.000000   \n",
       "READY_TO_MOVE                   -1.000000 -0.363826  0.040712   0.004204   \n",
       "RESALE                          -0.347405 -0.270351  0.014581   0.001732   \n",
       "LONGITUDE                        0.006440  0.104976  0.068730  -0.012591   \n",
       "LATITUDE                        -0.000381 -0.065106  0.046930   0.000803   \n",
       "bhk_or_rk                        0.020719  0.006056 -0.045231  -0.000292   \n",
       "posted                           0.227133  0.273075  0.085238  -0.005457   \n",
       "TARGET(PRICE_IN_LACS)            0.055399  0.067636  0.112283   0.402685   \n",
       "\n",
       "                       READY_TO_MOVE    RESALE  LONGITUDE  LATITUDE  \\\n",
       "UNDER_CONSTRUCTION         -1.000000 -0.347405   0.006440 -0.000381   \n",
       "RERA                       -0.363826 -0.270351   0.104976 -0.065106   \n",
       "BHK_NO.                     0.040712  0.014581   0.068730  0.046930   \n",
       "SQUARE_FT                   0.004204  0.001732  -0.012591  0.000803   \n",
       "READY_TO_MOVE               1.000000  0.347405  -0.006440  0.000381   \n",
       "RESALE                      0.347405  1.000000   0.024038  0.014844   \n",
       "LONGITUDE                  -0.006440  0.024038   1.000000 -0.155062   \n",
       "LATITUDE                    0.000381  0.014844  -0.155062  1.000000   \n",
       "bhk_or_rk                  -0.020719 -0.029346   0.009095  0.000303   \n",
       "posted                     -0.227133 -0.198531   0.062615 -0.026967   \n",
       "TARGET(PRICE_IN_LACS)      -0.055399 -0.207378  -0.031112 -0.017254   \n",
       "\n",
       "                       bhk_or_rk    posted  TARGET(PRICE_IN_LACS)  \n",
       "UNDER_CONSTRUCTION      0.020719  0.227133               0.055399  \n",
       "RERA                    0.006056  0.273075               0.067636  \n",
       "BHK_NO.                -0.045231  0.085238               0.112283  \n",
       "SQUARE_FT              -0.000292 -0.005457               0.402685  \n",
       "READY_TO_MOVE          -0.020719 -0.227133              -0.055399  \n",
       "RESALE                 -0.029346 -0.198531              -0.207378  \n",
       "LONGITUDE               0.009095  0.062615              -0.031112  \n",
       "LATITUDE                0.000303 -0.026967              -0.017254  \n",
       "bhk_or_rk               1.000000  0.018835              -0.004429  \n",
       "posted                  0.018835  1.000000               0.093437  \n",
       "TARGET(PRICE_IN_LACS)  -0.004429  0.093437               1.000000  "
      ]
     },
     "execution_count": 18,
     "metadata": {},
     "output_type": "execute_result"
    }
   ],
   "source": [
    "copy.corr()"
   ]
  },
  {
   "cell_type": "code",
   "execution_count": 62,
   "metadata": {},
   "outputs": [],
   "source": [
    "from sklearn import preprocessing\n"
   ]
  },
  {
   "cell_type": "code",
   "execution_count": null,
   "metadata": {},
   "outputs": [],
   "source": []
  },
  {
   "cell_type": "code",
   "execution_count": null,
   "metadata": {},
   "outputs": [],
   "source": []
  },
  {
   "cell_type": "code",
   "execution_count": 52,
   "metadata": {},
   "outputs": [],
   "source": [
    "columns = [\"BHK_NO.\" , \"SQUARE_FT\" , \"RESALE\",\"posted\",\"RERA\",\"UNDER_CONSTRUCTION\" ]\n",
    "x = copy[columns].values\n",
    "y = copy[\"TARGET(PRICE_IN_LACS)\"].values\n",
    "x_train,x_test,y_train,y_test = train_test_split(x,y,test_size = 0.3 , random_state = 0)"
   ]
  },
  {
   "cell_type": "code",
   "execution_count": 53,
   "metadata": {},
   "outputs": [
    {
     "data": {
      "text/plain": [
       "((20615, 6), (8836, 6))"
      ]
     },
     "execution_count": 53,
     "metadata": {},
     "output_type": "execute_result"
    }
   ],
   "source": [
    "x_train.shape,x_test.shape"
   ]
  },
  {
   "cell_type": "code",
   "execution_count": 54,
   "metadata": {},
   "outputs": [],
   "source": [
    "lgr = LogisticRegression()\n",
    "from sklearn.ensemble import GradientBoostingRegressor\n",
    "\n"
   ]
  },
  {
   "cell_type": "code",
   "execution_count": 55,
   "metadata": {},
   "outputs": [
    {
     "data": {
      "text/plain": [
       "GradientBoostingRegressor(alpha=0.9, ccp_alpha=0.0, criterion='friedman_mse',\n",
       "                          init=None, learning_rate=0.1, loss='ls', max_depth=3,\n",
       "                          max_features=None, max_leaf_nodes=None,\n",
       "                          min_impurity_decrease=0.0, min_impurity_split=None,\n",
       "                          min_samples_leaf=1, min_samples_split=2,\n",
       "                          min_weight_fraction_leaf=0.0, n_estimators=100,\n",
       "                          n_iter_no_change=None, presort='deprecated',\n",
       "                          random_state=None, subsample=1.0, tol=0.0001,\n",
       "                          validation_fraction=0.1, verbose=0, warm_start=False)"
      ]
     },
     "execution_count": 55,
     "metadata": {},
     "output_type": "execute_result"
    }
   ],
   "source": [
    "gdb = GradientBoostingRegressor()\n",
    "gdb.fit(x_train,y_train)"
   ]
  },
  {
   "cell_type": "code",
   "execution_count": 56,
   "metadata": {},
   "outputs": [],
   "source": [
    "y_pred = gdb.predict(x_test)"
   ]
  },
  {
   "cell_type": "code",
   "execution_count": 57,
   "metadata": {},
   "outputs": [],
   "source": [
    "from sklearn.metrics import mean_squared_error, r2_score\n",
    "import math"
   ]
  },
  {
   "cell_type": "code",
   "execution_count": 60,
   "metadata": {},
   "outputs": [
    {
     "data": {
      "text/plain": [
       "184.48238709672515"
      ]
     },
     "execution_count": 60,
     "metadata": {},
     "output_type": "execute_result"
    }
   ],
   "source": [
    "sq = mean_squared_error(y_test,y_pred)\n",
    "math.sqrt(sq)"
   ]
  },
  {
   "cell_type": "code",
   "execution_count": 61,
   "metadata": {},
   "outputs": [
    {
     "data": {
      "text/plain": [
       "0.9149037832247358"
      ]
     },
     "execution_count": 61,
     "metadata": {},
     "output_type": "execute_result"
    }
   ],
   "source": [
    "r2_score(y_pred,y_test)"
   ]
  },
  {
   "cell_type": "code",
   "execution_count": null,
   "metadata": {},
   "outputs": [],
   "source": []
  }
 ],
 "metadata": {
  "kernelspec": {
   "display_name": "Python 3",
   "language": "python",
   "name": "python3"
  },
  "language_info": {
   "codemirror_mode": {
    "name": "ipython",
    "version": 3
   },
   "file_extension": ".py",
   "mimetype": "text/x-python",
   "name": "python",
   "nbconvert_exporter": "python",
   "pygments_lexer": "ipython3",
   "version": "3.7.6"
  }
 },
 "nbformat": 4,
 "nbformat_minor": 4
}
