{
 "cells": [
  {
   "cell_type": "code",
   "execution_count": 1,
   "metadata": {},
   "outputs": [],
   "source": [
    "import os\n",
    "import numpy as np\n",
    "import pandas as pd\n",
    "import matplotlib.pyplot as plt\n",
    "import seaborn as sns\n"
   ]
  },
  {
   "cell_type": "code",
   "execution_count": 2,
   "metadata": {},
   "outputs": [],
   "source": [
    "data = pd.read_csv(\"D:/Desktop/train(1).csv\")"
   ]
  },
  {
   "cell_type": "code",
   "execution_count": 3,
   "metadata": {},
   "outputs": [
    {
     "data": {
      "text/html": [
       "<div>\n",
       "<style scoped>\n",
       "    .dataframe tbody tr th:only-of-type {\n",
       "        vertical-align: middle;\n",
       "    }\n",
       "\n",
       "    .dataframe tbody tr th {\n",
       "        vertical-align: top;\n",
       "    }\n",
       "\n",
       "    .dataframe thead th {\n",
       "        text-align: right;\n",
       "    }\n",
       "</style>\n",
       "<table border=\"1\" class=\"dataframe\">\n",
       "  <thead>\n",
       "    <tr style=\"text-align: right;\">\n",
       "      <th></th>\n",
       "      <th>PassengerId</th>\n",
       "      <th>Survived</th>\n",
       "      <th>Pclass</th>\n",
       "      <th>Name</th>\n",
       "      <th>Sex</th>\n",
       "      <th>Age</th>\n",
       "      <th>SibSp</th>\n",
       "      <th>Parch</th>\n",
       "      <th>Ticket</th>\n",
       "      <th>Fare</th>\n",
       "      <th>Cabin</th>\n",
       "      <th>Embarked</th>\n",
       "    </tr>\n",
       "  </thead>\n",
       "  <tbody>\n",
       "    <tr>\n",
       "      <th>0</th>\n",
       "      <td>1</td>\n",
       "      <td>0</td>\n",
       "      <td>3</td>\n",
       "      <td>Braund, Mr. Owen Harris</td>\n",
       "      <td>male</td>\n",
       "      <td>22.0</td>\n",
       "      <td>1</td>\n",
       "      <td>0</td>\n",
       "      <td>A/5 21171</td>\n",
       "      <td>7.2500</td>\n",
       "      <td>NaN</td>\n",
       "      <td>S</td>\n",
       "    </tr>\n",
       "    <tr>\n",
       "      <th>1</th>\n",
       "      <td>2</td>\n",
       "      <td>1</td>\n",
       "      <td>1</td>\n",
       "      <td>Cumings, Mrs. John Bradley (Florence Briggs Th...</td>\n",
       "      <td>female</td>\n",
       "      <td>38.0</td>\n",
       "      <td>1</td>\n",
       "      <td>0</td>\n",
       "      <td>PC 17599</td>\n",
       "      <td>71.2833</td>\n",
       "      <td>C85</td>\n",
       "      <td>C</td>\n",
       "    </tr>\n",
       "    <tr>\n",
       "      <th>2</th>\n",
       "      <td>3</td>\n",
       "      <td>1</td>\n",
       "      <td>3</td>\n",
       "      <td>Heikkinen, Miss. Laina</td>\n",
       "      <td>female</td>\n",
       "      <td>26.0</td>\n",
       "      <td>0</td>\n",
       "      <td>0</td>\n",
       "      <td>STON/O2. 3101282</td>\n",
       "      <td>7.9250</td>\n",
       "      <td>NaN</td>\n",
       "      <td>S</td>\n",
       "    </tr>\n",
       "    <tr>\n",
       "      <th>3</th>\n",
       "      <td>4</td>\n",
       "      <td>1</td>\n",
       "      <td>1</td>\n",
       "      <td>Futrelle, Mrs. Jacques Heath (Lily May Peel)</td>\n",
       "      <td>female</td>\n",
       "      <td>35.0</td>\n",
       "      <td>1</td>\n",
       "      <td>0</td>\n",
       "      <td>113803</td>\n",
       "      <td>53.1000</td>\n",
       "      <td>C123</td>\n",
       "      <td>S</td>\n",
       "    </tr>\n",
       "    <tr>\n",
       "      <th>4</th>\n",
       "      <td>5</td>\n",
       "      <td>0</td>\n",
       "      <td>3</td>\n",
       "      <td>Allen, Mr. William Henry</td>\n",
       "      <td>male</td>\n",
       "      <td>35.0</td>\n",
       "      <td>0</td>\n",
       "      <td>0</td>\n",
       "      <td>373450</td>\n",
       "      <td>8.0500</td>\n",
       "      <td>NaN</td>\n",
       "      <td>S</td>\n",
       "    </tr>\n",
       "    <tr>\n",
       "      <th>5</th>\n",
       "      <td>6</td>\n",
       "      <td>0</td>\n",
       "      <td>3</td>\n",
       "      <td>Moran, Mr. James</td>\n",
       "      <td>male</td>\n",
       "      <td>NaN</td>\n",
       "      <td>0</td>\n",
       "      <td>0</td>\n",
       "      <td>330877</td>\n",
       "      <td>8.4583</td>\n",
       "      <td>NaN</td>\n",
       "      <td>Q</td>\n",
       "    </tr>\n",
       "    <tr>\n",
       "      <th>6</th>\n",
       "      <td>7</td>\n",
       "      <td>0</td>\n",
       "      <td>1</td>\n",
       "      <td>McCarthy, Mr. Timothy J</td>\n",
       "      <td>male</td>\n",
       "      <td>54.0</td>\n",
       "      <td>0</td>\n",
       "      <td>0</td>\n",
       "      <td>17463</td>\n",
       "      <td>51.8625</td>\n",
       "      <td>E46</td>\n",
       "      <td>S</td>\n",
       "    </tr>\n",
       "    <tr>\n",
       "      <th>7</th>\n",
       "      <td>8</td>\n",
       "      <td>0</td>\n",
       "      <td>3</td>\n",
       "      <td>Palsson, Master. Gosta Leonard</td>\n",
       "      <td>male</td>\n",
       "      <td>2.0</td>\n",
       "      <td>3</td>\n",
       "      <td>1</td>\n",
       "      <td>349909</td>\n",
       "      <td>21.0750</td>\n",
       "      <td>NaN</td>\n",
       "      <td>S</td>\n",
       "    </tr>\n",
       "    <tr>\n",
       "      <th>8</th>\n",
       "      <td>9</td>\n",
       "      <td>1</td>\n",
       "      <td>3</td>\n",
       "      <td>Johnson, Mrs. Oscar W (Elisabeth Vilhelmina Berg)</td>\n",
       "      <td>female</td>\n",
       "      <td>27.0</td>\n",
       "      <td>0</td>\n",
       "      <td>2</td>\n",
       "      <td>347742</td>\n",
       "      <td>11.1333</td>\n",
       "      <td>NaN</td>\n",
       "      <td>S</td>\n",
       "    </tr>\n",
       "    <tr>\n",
       "      <th>9</th>\n",
       "      <td>10</td>\n",
       "      <td>1</td>\n",
       "      <td>2</td>\n",
       "      <td>Nasser, Mrs. Nicholas (Adele Achem)</td>\n",
       "      <td>female</td>\n",
       "      <td>14.0</td>\n",
       "      <td>1</td>\n",
       "      <td>0</td>\n",
       "      <td>237736</td>\n",
       "      <td>30.0708</td>\n",
       "      <td>NaN</td>\n",
       "      <td>C</td>\n",
       "    </tr>\n",
       "  </tbody>\n",
       "</table>\n",
       "</div>"
      ],
      "text/plain": [
       "   PassengerId  Survived  Pclass  \\\n",
       "0            1         0       3   \n",
       "1            2         1       1   \n",
       "2            3         1       3   \n",
       "3            4         1       1   \n",
       "4            5         0       3   \n",
       "5            6         0       3   \n",
       "6            7         0       1   \n",
       "7            8         0       3   \n",
       "8            9         1       3   \n",
       "9           10         1       2   \n",
       "\n",
       "                                                Name     Sex   Age  SibSp  \\\n",
       "0                            Braund, Mr. Owen Harris    male  22.0      1   \n",
       "1  Cumings, Mrs. John Bradley (Florence Briggs Th...  female  38.0      1   \n",
       "2                             Heikkinen, Miss. Laina  female  26.0      0   \n",
       "3       Futrelle, Mrs. Jacques Heath (Lily May Peel)  female  35.0      1   \n",
       "4                           Allen, Mr. William Henry    male  35.0      0   \n",
       "5                                   Moran, Mr. James    male   NaN      0   \n",
       "6                            McCarthy, Mr. Timothy J    male  54.0      0   \n",
       "7                     Palsson, Master. Gosta Leonard    male   2.0      3   \n",
       "8  Johnson, Mrs. Oscar W (Elisabeth Vilhelmina Berg)  female  27.0      0   \n",
       "9                Nasser, Mrs. Nicholas (Adele Achem)  female  14.0      1   \n",
       "\n",
       "   Parch            Ticket     Fare Cabin Embarked  \n",
       "0      0         A/5 21171   7.2500   NaN        S  \n",
       "1      0          PC 17599  71.2833   C85        C  \n",
       "2      0  STON/O2. 3101282   7.9250   NaN        S  \n",
       "3      0            113803  53.1000  C123        S  \n",
       "4      0            373450   8.0500   NaN        S  \n",
       "5      0            330877   8.4583   NaN        Q  \n",
       "6      0             17463  51.8625   E46        S  \n",
       "7      1            349909  21.0750   NaN        S  \n",
       "8      2            347742  11.1333   NaN        S  \n",
       "9      0            237736  30.0708   NaN        C  "
      ]
     },
     "execution_count": 3,
     "metadata": {},
     "output_type": "execute_result"
    }
   ],
   "source": [
    "copy = data.copy()\n",
    "copy.head(10)"
   ]
  },
  {
   "cell_type": "code",
   "execution_count": 4,
   "metadata": {},
   "outputs": [
    {
     "name": "stdout",
     "output_type": "stream",
     "text": [
      "<class 'pandas.core.frame.DataFrame'>\n",
      "RangeIndex: 891 entries, 0 to 890\n",
      "Data columns (total 12 columns):\n",
      " #   Column       Non-Null Count  Dtype  \n",
      "---  ------       --------------  -----  \n",
      " 0   PassengerId  891 non-null    int64  \n",
      " 1   Survived     891 non-null    int64  \n",
      " 2   Pclass       891 non-null    int64  \n",
      " 3   Name         891 non-null    object \n",
      " 4   Sex          891 non-null    object \n",
      " 5   Age          714 non-null    float64\n",
      " 6   SibSp        891 non-null    int64  \n",
      " 7   Parch        891 non-null    int64  \n",
      " 8   Ticket       891 non-null    object \n",
      " 9   Fare         891 non-null    float64\n",
      " 10  Cabin        204 non-null    object \n",
      " 11  Embarked     889 non-null    object \n",
      "dtypes: float64(2), int64(5), object(5)\n",
      "memory usage: 83.7+ KB\n"
     ]
    }
   ],
   "source": [
    "copy.info()"
   ]
  },
  {
   "cell_type": "code",
   "execution_count": 5,
   "metadata": {},
   "outputs": [
    {
     "data": {
      "text/plain": [
       "0    549\n",
       "1    342\n",
       "Name: Survived, dtype: int64"
      ]
     },
     "execution_count": 5,
     "metadata": {},
     "output_type": "execute_result"
    }
   ],
   "source": [
    "copy[\"Survived\"].value_counts()"
   ]
  },
  {
   "cell_type": "code",
   "execution_count": 6,
   "metadata": {},
   "outputs": [
    {
     "data": {
      "text/html": [
       "<div>\n",
       "<style scoped>\n",
       "    .dataframe tbody tr th:only-of-type {\n",
       "        vertical-align: middle;\n",
       "    }\n",
       "\n",
       "    .dataframe tbody tr th {\n",
       "        vertical-align: top;\n",
       "    }\n",
       "\n",
       "    .dataframe thead th {\n",
       "        text-align: right;\n",
       "    }\n",
       "</style>\n",
       "<table border=\"1\" class=\"dataframe\">\n",
       "  <thead>\n",
       "    <tr style=\"text-align: right;\">\n",
       "      <th></th>\n",
       "      <th>PassengerId</th>\n",
       "      <th>Survived</th>\n",
       "      <th>Pclass</th>\n",
       "      <th>Age</th>\n",
       "      <th>SibSp</th>\n",
       "      <th>Parch</th>\n",
       "      <th>Fare</th>\n",
       "    </tr>\n",
       "  </thead>\n",
       "  <tbody>\n",
       "    <tr>\n",
       "      <th>count</th>\n",
       "      <td>891.000000</td>\n",
       "      <td>891.000000</td>\n",
       "      <td>891.000000</td>\n",
       "      <td>714.000000</td>\n",
       "      <td>891.000000</td>\n",
       "      <td>891.000000</td>\n",
       "      <td>891.000000</td>\n",
       "    </tr>\n",
       "    <tr>\n",
       "      <th>mean</th>\n",
       "      <td>446.000000</td>\n",
       "      <td>0.383838</td>\n",
       "      <td>2.308642</td>\n",
       "      <td>29.699118</td>\n",
       "      <td>0.523008</td>\n",
       "      <td>0.381594</td>\n",
       "      <td>32.204208</td>\n",
       "    </tr>\n",
       "    <tr>\n",
       "      <th>std</th>\n",
       "      <td>257.353842</td>\n",
       "      <td>0.486592</td>\n",
       "      <td>0.836071</td>\n",
       "      <td>14.526497</td>\n",
       "      <td>1.102743</td>\n",
       "      <td>0.806057</td>\n",
       "      <td>49.693429</td>\n",
       "    </tr>\n",
       "    <tr>\n",
       "      <th>min</th>\n",
       "      <td>1.000000</td>\n",
       "      <td>0.000000</td>\n",
       "      <td>1.000000</td>\n",
       "      <td>0.420000</td>\n",
       "      <td>0.000000</td>\n",
       "      <td>0.000000</td>\n",
       "      <td>0.000000</td>\n",
       "    </tr>\n",
       "    <tr>\n",
       "      <th>25%</th>\n",
       "      <td>223.500000</td>\n",
       "      <td>0.000000</td>\n",
       "      <td>2.000000</td>\n",
       "      <td>20.125000</td>\n",
       "      <td>0.000000</td>\n",
       "      <td>0.000000</td>\n",
       "      <td>7.910400</td>\n",
       "    </tr>\n",
       "    <tr>\n",
       "      <th>50%</th>\n",
       "      <td>446.000000</td>\n",
       "      <td>0.000000</td>\n",
       "      <td>3.000000</td>\n",
       "      <td>28.000000</td>\n",
       "      <td>0.000000</td>\n",
       "      <td>0.000000</td>\n",
       "      <td>14.454200</td>\n",
       "    </tr>\n",
       "    <tr>\n",
       "      <th>75%</th>\n",
       "      <td>668.500000</td>\n",
       "      <td>1.000000</td>\n",
       "      <td>3.000000</td>\n",
       "      <td>38.000000</td>\n",
       "      <td>1.000000</td>\n",
       "      <td>0.000000</td>\n",
       "      <td>31.000000</td>\n",
       "    </tr>\n",
       "    <tr>\n",
       "      <th>max</th>\n",
       "      <td>891.000000</td>\n",
       "      <td>1.000000</td>\n",
       "      <td>3.000000</td>\n",
       "      <td>80.000000</td>\n",
       "      <td>8.000000</td>\n",
       "      <td>6.000000</td>\n",
       "      <td>512.329200</td>\n",
       "    </tr>\n",
       "  </tbody>\n",
       "</table>\n",
       "</div>"
      ],
      "text/plain": [
       "       PassengerId    Survived      Pclass         Age       SibSp  \\\n",
       "count   891.000000  891.000000  891.000000  714.000000  891.000000   \n",
       "mean    446.000000    0.383838    2.308642   29.699118    0.523008   \n",
       "std     257.353842    0.486592    0.836071   14.526497    1.102743   \n",
       "min       1.000000    0.000000    1.000000    0.420000    0.000000   \n",
       "25%     223.500000    0.000000    2.000000   20.125000    0.000000   \n",
       "50%     446.000000    0.000000    3.000000   28.000000    0.000000   \n",
       "75%     668.500000    1.000000    3.000000   38.000000    1.000000   \n",
       "max     891.000000    1.000000    3.000000   80.000000    8.000000   \n",
       "\n",
       "            Parch        Fare  \n",
       "count  891.000000  891.000000  \n",
       "mean     0.381594   32.204208  \n",
       "std      0.806057   49.693429  \n",
       "min      0.000000    0.000000  \n",
       "25%      0.000000    7.910400  \n",
       "50%      0.000000   14.454200  \n",
       "75%      0.000000   31.000000  \n",
       "max      6.000000  512.329200  "
      ]
     },
     "execution_count": 6,
     "metadata": {},
     "output_type": "execute_result"
    }
   ],
   "source": [
    "copy.describe()"
   ]
  },
  {
   "cell_type": "code",
   "execution_count": 7,
   "metadata": {},
   "outputs": [
    {
     "data": {
      "text/html": [
       "<div>\n",
       "<style scoped>\n",
       "    .dataframe tbody tr th:only-of-type {\n",
       "        vertical-align: middle;\n",
       "    }\n",
       "\n",
       "    .dataframe tbody tr th {\n",
       "        vertical-align: top;\n",
       "    }\n",
       "\n",
       "    .dataframe thead th {\n",
       "        text-align: right;\n",
       "    }\n",
       "</style>\n",
       "<table border=\"1\" class=\"dataframe\">\n",
       "  <thead>\n",
       "    <tr style=\"text-align: right;\">\n",
       "      <th></th>\n",
       "      <th>PassengerId</th>\n",
       "      <th>Survived</th>\n",
       "      <th>Pclass</th>\n",
       "      <th>Age</th>\n",
       "      <th>SibSp</th>\n",
       "      <th>Parch</th>\n",
       "      <th>Fare</th>\n",
       "    </tr>\n",
       "  </thead>\n",
       "  <tbody>\n",
       "    <tr>\n",
       "      <th>PassengerId</th>\n",
       "      <td>1.000000</td>\n",
       "      <td>-0.005007</td>\n",
       "      <td>-0.035144</td>\n",
       "      <td>0.036847</td>\n",
       "      <td>-0.057527</td>\n",
       "      <td>-0.001652</td>\n",
       "      <td>0.012658</td>\n",
       "    </tr>\n",
       "    <tr>\n",
       "      <th>Survived</th>\n",
       "      <td>-0.005007</td>\n",
       "      <td>1.000000</td>\n",
       "      <td>-0.338481</td>\n",
       "      <td>-0.077221</td>\n",
       "      <td>-0.035322</td>\n",
       "      <td>0.081629</td>\n",
       "      <td>0.257307</td>\n",
       "    </tr>\n",
       "    <tr>\n",
       "      <th>Pclass</th>\n",
       "      <td>-0.035144</td>\n",
       "      <td>-0.338481</td>\n",
       "      <td>1.000000</td>\n",
       "      <td>-0.369226</td>\n",
       "      <td>0.083081</td>\n",
       "      <td>0.018443</td>\n",
       "      <td>-0.549500</td>\n",
       "    </tr>\n",
       "    <tr>\n",
       "      <th>Age</th>\n",
       "      <td>0.036847</td>\n",
       "      <td>-0.077221</td>\n",
       "      <td>-0.369226</td>\n",
       "      <td>1.000000</td>\n",
       "      <td>-0.308247</td>\n",
       "      <td>-0.189119</td>\n",
       "      <td>0.096067</td>\n",
       "    </tr>\n",
       "    <tr>\n",
       "      <th>SibSp</th>\n",
       "      <td>-0.057527</td>\n",
       "      <td>-0.035322</td>\n",
       "      <td>0.083081</td>\n",
       "      <td>-0.308247</td>\n",
       "      <td>1.000000</td>\n",
       "      <td>0.414838</td>\n",
       "      <td>0.159651</td>\n",
       "    </tr>\n",
       "    <tr>\n",
       "      <th>Parch</th>\n",
       "      <td>-0.001652</td>\n",
       "      <td>0.081629</td>\n",
       "      <td>0.018443</td>\n",
       "      <td>-0.189119</td>\n",
       "      <td>0.414838</td>\n",
       "      <td>1.000000</td>\n",
       "      <td>0.216225</td>\n",
       "    </tr>\n",
       "    <tr>\n",
       "      <th>Fare</th>\n",
       "      <td>0.012658</td>\n",
       "      <td>0.257307</td>\n",
       "      <td>-0.549500</td>\n",
       "      <td>0.096067</td>\n",
       "      <td>0.159651</td>\n",
       "      <td>0.216225</td>\n",
       "      <td>1.000000</td>\n",
       "    </tr>\n",
       "  </tbody>\n",
       "</table>\n",
       "</div>"
      ],
      "text/plain": [
       "             PassengerId  Survived    Pclass       Age     SibSp     Parch  \\\n",
       "PassengerId     1.000000 -0.005007 -0.035144  0.036847 -0.057527 -0.001652   \n",
       "Survived       -0.005007  1.000000 -0.338481 -0.077221 -0.035322  0.081629   \n",
       "Pclass         -0.035144 -0.338481  1.000000 -0.369226  0.083081  0.018443   \n",
       "Age             0.036847 -0.077221 -0.369226  1.000000 -0.308247 -0.189119   \n",
       "SibSp          -0.057527 -0.035322  0.083081 -0.308247  1.000000  0.414838   \n",
       "Parch          -0.001652  0.081629  0.018443 -0.189119  0.414838  1.000000   \n",
       "Fare            0.012658  0.257307 -0.549500  0.096067  0.159651  0.216225   \n",
       "\n",
       "                 Fare  \n",
       "PassengerId  0.012658  \n",
       "Survived     0.257307  \n",
       "Pclass      -0.549500  \n",
       "Age          0.096067  \n",
       "SibSp        0.159651  \n",
       "Parch        0.216225  \n",
       "Fare         1.000000  "
      ]
     },
     "execution_count": 7,
     "metadata": {},
     "output_type": "execute_result"
    }
   ],
   "source": [
    "copy.corr()"
   ]
  },
  {
   "cell_type": "code",
   "execution_count": 8,
   "metadata": {},
   "outputs": [
    {
     "data": {
      "text/plain": [
       "0"
      ]
     },
     "execution_count": 8,
     "metadata": {},
     "output_type": "execute_result"
    }
   ],
   "source": [
    "\n",
    "copy[\"Embarked\"].fillna('S',inplace = True)\n",
    "copy[\"Embarked\"].isna().sum()"
   ]
  },
  {
   "cell_type": "code",
   "execution_count": 9,
   "metadata": {},
   "outputs": [
    {
     "data": {
      "text/plain": [
       "891"
      ]
     },
     "execution_count": 9,
     "metadata": {},
     "output_type": "execute_result"
    }
   ],
   "source": [
    "eb=[]\n",
    "gender =[]\n",
    "for i in range(891):\n",
    "    if copy[\"Embarked\"][i]== \"S\":\n",
    "        eb.append(0)\n",
    "    if copy[\"Embarked\"][i] == \"Q\":\n",
    "        eb.append(1)\n",
    "    if copy[\"Embarked\"][i] ==\"C\":\n",
    "        eb.append(2)\n",
    "    if copy[\"Sex\"][i] == \"male\":\n",
    "        gender.append(0)\n",
    "    if copy[\"Sex\"][i] == \"female\":\n",
    "        gender.append(1)\n",
    "    \n",
    "    \n",
    "len(gender)\n",
    "len(eb)"
   ]
  },
  {
   "cell_type": "code",
   "execution_count": 10,
   "metadata": {},
   "outputs": [],
   "source": [
    "copy.insert(12,\"eb\" , eb , True)\n",
    "copy.insert(13,\"gender\" , gender , True)"
   ]
  },
  {
   "cell_type": "code",
   "execution_count": 11,
   "metadata": {},
   "outputs": [
    {
     "data": {
      "text/html": [
       "<div>\n",
       "<style scoped>\n",
       "    .dataframe tbody tr th:only-of-type {\n",
       "        vertical-align: middle;\n",
       "    }\n",
       "\n",
       "    .dataframe tbody tr th {\n",
       "        vertical-align: top;\n",
       "    }\n",
       "\n",
       "    .dataframe thead th {\n",
       "        text-align: right;\n",
       "    }\n",
       "</style>\n",
       "<table border=\"1\" class=\"dataframe\">\n",
       "  <thead>\n",
       "    <tr style=\"text-align: right;\">\n",
       "      <th></th>\n",
       "      <th>PassengerId</th>\n",
       "      <th>Survived</th>\n",
       "      <th>Pclass</th>\n",
       "      <th>Age</th>\n",
       "      <th>SibSp</th>\n",
       "      <th>Parch</th>\n",
       "      <th>Fare</th>\n",
       "      <th>eb</th>\n",
       "      <th>gender</th>\n",
       "    </tr>\n",
       "  </thead>\n",
       "  <tbody>\n",
       "    <tr>\n",
       "      <th>PassengerId</th>\n",
       "      <td>1.000000</td>\n",
       "      <td>-0.005007</td>\n",
       "      <td>-0.035144</td>\n",
       "      <td>0.036847</td>\n",
       "      <td>-0.057527</td>\n",
       "      <td>-0.001652</td>\n",
       "      <td>0.012658</td>\n",
       "      <td>-0.013128</td>\n",
       "      <td>-0.042939</td>\n",
       "    </tr>\n",
       "    <tr>\n",
       "      <th>Survived</th>\n",
       "      <td>-0.005007</td>\n",
       "      <td>1.000000</td>\n",
       "      <td>-0.338481</td>\n",
       "      <td>-0.077221</td>\n",
       "      <td>-0.035322</td>\n",
       "      <td>0.081629</td>\n",
       "      <td>0.257307</td>\n",
       "      <td>0.167675</td>\n",
       "      <td>0.543351</td>\n",
       "    </tr>\n",
       "    <tr>\n",
       "      <th>Pclass</th>\n",
       "      <td>-0.035144</td>\n",
       "      <td>-0.338481</td>\n",
       "      <td>1.000000</td>\n",
       "      <td>-0.369226</td>\n",
       "      <td>0.083081</td>\n",
       "      <td>0.018443</td>\n",
       "      <td>-0.549500</td>\n",
       "      <td>-0.162098</td>\n",
       "      <td>-0.131900</td>\n",
       "    </tr>\n",
       "    <tr>\n",
       "      <th>Age</th>\n",
       "      <td>0.036847</td>\n",
       "      <td>-0.077221</td>\n",
       "      <td>-0.369226</td>\n",
       "      <td>1.000000</td>\n",
       "      <td>-0.308247</td>\n",
       "      <td>-0.189119</td>\n",
       "      <td>0.096067</td>\n",
       "      <td>0.030394</td>\n",
       "      <td>-0.093254</td>\n",
       "    </tr>\n",
       "    <tr>\n",
       "      <th>SibSp</th>\n",
       "      <td>-0.057527</td>\n",
       "      <td>-0.035322</td>\n",
       "      <td>0.083081</td>\n",
       "      <td>-0.308247</td>\n",
       "      <td>1.000000</td>\n",
       "      <td>0.414838</td>\n",
       "      <td>0.159651</td>\n",
       "      <td>-0.068230</td>\n",
       "      <td>0.114631</td>\n",
       "    </tr>\n",
       "    <tr>\n",
       "      <th>Parch</th>\n",
       "      <td>-0.001652</td>\n",
       "      <td>0.081629</td>\n",
       "      <td>0.018443</td>\n",
       "      <td>-0.189119</td>\n",
       "      <td>0.414838</td>\n",
       "      <td>1.000000</td>\n",
       "      <td>0.216225</td>\n",
       "      <td>-0.039798</td>\n",
       "      <td>0.245489</td>\n",
       "    </tr>\n",
       "    <tr>\n",
       "      <th>Fare</th>\n",
       "      <td>0.012658</td>\n",
       "      <td>0.257307</td>\n",
       "      <td>-0.549500</td>\n",
       "      <td>0.096067</td>\n",
       "      <td>0.159651</td>\n",
       "      <td>0.216225</td>\n",
       "      <td>1.000000</td>\n",
       "      <td>0.224719</td>\n",
       "      <td>0.182333</td>\n",
       "    </tr>\n",
       "    <tr>\n",
       "      <th>eb</th>\n",
       "      <td>-0.013128</td>\n",
       "      <td>0.167675</td>\n",
       "      <td>-0.162098</td>\n",
       "      <td>0.030394</td>\n",
       "      <td>-0.068230</td>\n",
       "      <td>-0.039798</td>\n",
       "      <td>0.224719</td>\n",
       "      <td>1.000000</td>\n",
       "      <td>0.108262</td>\n",
       "    </tr>\n",
       "    <tr>\n",
       "      <th>gender</th>\n",
       "      <td>-0.042939</td>\n",
       "      <td>0.543351</td>\n",
       "      <td>-0.131900</td>\n",
       "      <td>-0.093254</td>\n",
       "      <td>0.114631</td>\n",
       "      <td>0.245489</td>\n",
       "      <td>0.182333</td>\n",
       "      <td>0.108262</td>\n",
       "      <td>1.000000</td>\n",
       "    </tr>\n",
       "  </tbody>\n",
       "</table>\n",
       "</div>"
      ],
      "text/plain": [
       "             PassengerId  Survived    Pclass       Age     SibSp     Parch  \\\n",
       "PassengerId     1.000000 -0.005007 -0.035144  0.036847 -0.057527 -0.001652   \n",
       "Survived       -0.005007  1.000000 -0.338481 -0.077221 -0.035322  0.081629   \n",
       "Pclass         -0.035144 -0.338481  1.000000 -0.369226  0.083081  0.018443   \n",
       "Age             0.036847 -0.077221 -0.369226  1.000000 -0.308247 -0.189119   \n",
       "SibSp          -0.057527 -0.035322  0.083081 -0.308247  1.000000  0.414838   \n",
       "Parch          -0.001652  0.081629  0.018443 -0.189119  0.414838  1.000000   \n",
       "Fare            0.012658  0.257307 -0.549500  0.096067  0.159651  0.216225   \n",
       "eb             -0.013128  0.167675 -0.162098  0.030394 -0.068230 -0.039798   \n",
       "gender         -0.042939  0.543351 -0.131900 -0.093254  0.114631  0.245489   \n",
       "\n",
       "                 Fare        eb    gender  \n",
       "PassengerId  0.012658 -0.013128 -0.042939  \n",
       "Survived     0.257307  0.167675  0.543351  \n",
       "Pclass      -0.549500 -0.162098 -0.131900  \n",
       "Age          0.096067  0.030394 -0.093254  \n",
       "SibSp        0.159651 -0.068230  0.114631  \n",
       "Parch        0.216225 -0.039798  0.245489  \n",
       "Fare         1.000000  0.224719  0.182333  \n",
       "eb           0.224719  1.000000  0.108262  \n",
       "gender       0.182333  0.108262  1.000000  "
      ]
     },
     "execution_count": 11,
     "metadata": {},
     "output_type": "execute_result"
    }
   ],
   "source": [
    "copy.corr()"
   ]
  },
  {
   "cell_type": "code",
   "execution_count": 12,
   "metadata": {},
   "outputs": [
    {
     "data": {
      "text/plain": [
       "0"
      ]
     },
     "execution_count": 12,
     "metadata": {},
     "output_type": "execute_result"
    }
   ],
   "source": [
    "copy[\"Age\"].fillna(29.699, inplace = True)\n",
    "copy[\"Age\"].isna().sum()"
   ]
  },
  {
   "cell_type": "code",
   "execution_count": 13,
   "metadata": {},
   "outputs": [
    {
     "name": "stdout",
     "output_type": "stream",
     "text": [
      "<class 'pandas.core.frame.DataFrame'>\n",
      "RangeIndex: 891 entries, 0 to 890\n",
      "Data columns (total 14 columns):\n",
      " #   Column       Non-Null Count  Dtype  \n",
      "---  ------       --------------  -----  \n",
      " 0   PassengerId  891 non-null    int64  \n",
      " 1   Survived     891 non-null    int64  \n",
      " 2   Pclass       891 non-null    int64  \n",
      " 3   Name         891 non-null    object \n",
      " 4   Sex          891 non-null    object \n",
      " 5   Age          891 non-null    float64\n",
      " 6   SibSp        891 non-null    int64  \n",
      " 7   Parch        891 non-null    int64  \n",
      " 8   Ticket       891 non-null    object \n",
      " 9   Fare         891 non-null    float64\n",
      " 10  Cabin        204 non-null    object \n",
      " 11  Embarked     891 non-null    object \n",
      " 12  eb           891 non-null    int64  \n",
      " 13  gender       891 non-null    int64  \n",
      "dtypes: float64(2), int64(7), object(5)\n",
      "memory usage: 97.6+ KB\n"
     ]
    }
   ],
   "source": [
    "copy.info()"
   ]
  },
  {
   "cell_type": "code",
   "execution_count": 14,
   "metadata": {},
   "outputs": [
    {
     "name": "stdout",
     "output_type": "stream",
     "text": [
      "891\n"
     ]
    }
   ],
   "source": [
    "array = []\n",
    "title = []\n",
    "for i in range(891):\n",
    "    array = copy[\"Name\"][i].split()\n",
    "    title.append(array[1])\n",
    "print(len(title))\n",
    "tag = np.zeros(891)\n",
    "for i in range(891):\n",
    "    if title[i] == \"Mr.\":\n",
    "        tag[i] = 1\n",
    "        \n",
    "    if title[i] == \"Mrs.\":\n",
    "        tag[i] = 2\n",
    "       \n",
    "    if title[i] == \"Miss.\":\n",
    "        tag[i] = 3\n",
    "        \n",
    "    if title[i] == \"Master.\":\n",
    "        tag[i] = 4\n",
    "        \n"
   ]
  },
  {
   "cell_type": "code",
   "execution_count": 15,
   "metadata": {},
   "outputs": [],
   "source": [
    "copy.insert(14,\"Tag\" , tag , True)"
   ]
  },
  {
   "cell_type": "code",
   "execution_count": 16,
   "metadata": {},
   "outputs": [
    {
     "data": {
      "text/html": [
       "<div>\n",
       "<style scoped>\n",
       "    .dataframe tbody tr th:only-of-type {\n",
       "        vertical-align: middle;\n",
       "    }\n",
       "\n",
       "    .dataframe tbody tr th {\n",
       "        vertical-align: top;\n",
       "    }\n",
       "\n",
       "    .dataframe thead th {\n",
       "        text-align: right;\n",
       "    }\n",
       "</style>\n",
       "<table border=\"1\" class=\"dataframe\">\n",
       "  <thead>\n",
       "    <tr style=\"text-align: right;\">\n",
       "      <th></th>\n",
       "      <th>PassengerId</th>\n",
       "      <th>Survived</th>\n",
       "      <th>Pclass</th>\n",
       "      <th>Age</th>\n",
       "      <th>SibSp</th>\n",
       "      <th>Parch</th>\n",
       "      <th>Fare</th>\n",
       "      <th>eb</th>\n",
       "      <th>gender</th>\n",
       "      <th>Tag</th>\n",
       "    </tr>\n",
       "  </thead>\n",
       "  <tbody>\n",
       "    <tr>\n",
       "      <th>PassengerId</th>\n",
       "      <td>1.000000</td>\n",
       "      <td>-0.005007</td>\n",
       "      <td>-0.035144</td>\n",
       "      <td>0.033207</td>\n",
       "      <td>-0.057527</td>\n",
       "      <td>-0.001652</td>\n",
       "      <td>0.012658</td>\n",
       "      <td>-0.013128</td>\n",
       "      <td>-0.042939</td>\n",
       "      <td>-0.083138</td>\n",
       "    </tr>\n",
       "    <tr>\n",
       "      <th>Survived</th>\n",
       "      <td>-0.005007</td>\n",
       "      <td>1.000000</td>\n",
       "      <td>-0.338481</td>\n",
       "      <td>-0.069808</td>\n",
       "      <td>-0.035322</td>\n",
       "      <td>0.081629</td>\n",
       "      <td>0.257307</td>\n",
       "      <td>0.167675</td>\n",
       "      <td>0.543351</td>\n",
       "      <td>0.434467</td>\n",
       "    </tr>\n",
       "    <tr>\n",
       "      <th>Pclass</th>\n",
       "      <td>-0.035144</td>\n",
       "      <td>-0.338481</td>\n",
       "      <td>1.000000</td>\n",
       "      <td>-0.331339</td>\n",
       "      <td>0.083081</td>\n",
       "      <td>0.018443</td>\n",
       "      <td>-0.549500</td>\n",
       "      <td>-0.162098</td>\n",
       "      <td>-0.131900</td>\n",
       "      <td>0.021635</td>\n",
       "    </tr>\n",
       "    <tr>\n",
       "      <th>Age</th>\n",
       "      <td>0.033207</td>\n",
       "      <td>-0.069808</td>\n",
       "      <td>-0.331339</td>\n",
       "      <td>1.000000</td>\n",
       "      <td>-0.232625</td>\n",
       "      <td>-0.179190</td>\n",
       "      <td>0.091566</td>\n",
       "      <td>0.026748</td>\n",
       "      <td>-0.084153</td>\n",
       "      <td>-0.394098</td>\n",
       "    </tr>\n",
       "    <tr>\n",
       "      <th>SibSp</th>\n",
       "      <td>-0.057527</td>\n",
       "      <td>-0.035322</td>\n",
       "      <td>0.083081</td>\n",
       "      <td>-0.232625</td>\n",
       "      <td>1.000000</td>\n",
       "      <td>0.414838</td>\n",
       "      <td>0.159651</td>\n",
       "      <td>-0.068230</td>\n",
       "      <td>0.114631</td>\n",
       "      <td>0.308276</td>\n",
       "    </tr>\n",
       "    <tr>\n",
       "      <th>Parch</th>\n",
       "      <td>-0.001652</td>\n",
       "      <td>0.081629</td>\n",
       "      <td>0.018443</td>\n",
       "      <td>-0.179190</td>\n",
       "      <td>0.414838</td>\n",
       "      <td>1.000000</td>\n",
       "      <td>0.216225</td>\n",
       "      <td>-0.039798</td>\n",
       "      <td>0.245489</td>\n",
       "      <td>0.339946</td>\n",
       "    </tr>\n",
       "    <tr>\n",
       "      <th>Fare</th>\n",
       "      <td>0.012658</td>\n",
       "      <td>0.257307</td>\n",
       "      <td>-0.549500</td>\n",
       "      <td>0.091566</td>\n",
       "      <td>0.159651</td>\n",
       "      <td>0.216225</td>\n",
       "      <td>1.000000</td>\n",
       "      <td>0.224719</td>\n",
       "      <td>0.182333</td>\n",
       "      <td>0.138053</td>\n",
       "    </tr>\n",
       "    <tr>\n",
       "      <th>eb</th>\n",
       "      <td>-0.013128</td>\n",
       "      <td>0.167675</td>\n",
       "      <td>-0.162098</td>\n",
       "      <td>0.026748</td>\n",
       "      <td>-0.068230</td>\n",
       "      <td>-0.039798</td>\n",
       "      <td>0.224719</td>\n",
       "      <td>1.000000</td>\n",
       "      <td>0.108262</td>\n",
       "      <td>0.045098</td>\n",
       "    </tr>\n",
       "    <tr>\n",
       "      <th>gender</th>\n",
       "      <td>-0.042939</td>\n",
       "      <td>0.543351</td>\n",
       "      <td>-0.131900</td>\n",
       "      <td>-0.084153</td>\n",
       "      <td>0.114631</td>\n",
       "      <td>0.245489</td>\n",
       "      <td>0.182333</td>\n",
       "      <td>0.108262</td>\n",
       "      <td>1.000000</td>\n",
       "      <td>0.631611</td>\n",
       "    </tr>\n",
       "    <tr>\n",
       "      <th>Tag</th>\n",
       "      <td>-0.083138</td>\n",
       "      <td>0.434467</td>\n",
       "      <td>0.021635</td>\n",
       "      <td>-0.394098</td>\n",
       "      <td>0.308276</td>\n",
       "      <td>0.339946</td>\n",
       "      <td>0.138053</td>\n",
       "      <td>0.045098</td>\n",
       "      <td>0.631611</td>\n",
       "      <td>1.000000</td>\n",
       "    </tr>\n",
       "  </tbody>\n",
       "</table>\n",
       "</div>"
      ],
      "text/plain": [
       "             PassengerId  Survived    Pclass       Age     SibSp     Parch  \\\n",
       "PassengerId     1.000000 -0.005007 -0.035144  0.033207 -0.057527 -0.001652   \n",
       "Survived       -0.005007  1.000000 -0.338481 -0.069808 -0.035322  0.081629   \n",
       "Pclass         -0.035144 -0.338481  1.000000 -0.331339  0.083081  0.018443   \n",
       "Age             0.033207 -0.069808 -0.331339  1.000000 -0.232625 -0.179190   \n",
       "SibSp          -0.057527 -0.035322  0.083081 -0.232625  1.000000  0.414838   \n",
       "Parch          -0.001652  0.081629  0.018443 -0.179190  0.414838  1.000000   \n",
       "Fare            0.012658  0.257307 -0.549500  0.091566  0.159651  0.216225   \n",
       "eb             -0.013128  0.167675 -0.162098  0.026748 -0.068230 -0.039798   \n",
       "gender         -0.042939  0.543351 -0.131900 -0.084153  0.114631  0.245489   \n",
       "Tag            -0.083138  0.434467  0.021635 -0.394098  0.308276  0.339946   \n",
       "\n",
       "                 Fare        eb    gender       Tag  \n",
       "PassengerId  0.012658 -0.013128 -0.042939 -0.083138  \n",
       "Survived     0.257307  0.167675  0.543351  0.434467  \n",
       "Pclass      -0.549500 -0.162098 -0.131900  0.021635  \n",
       "Age          0.091566  0.026748 -0.084153 -0.394098  \n",
       "SibSp        0.159651 -0.068230  0.114631  0.308276  \n",
       "Parch        0.216225 -0.039798  0.245489  0.339946  \n",
       "Fare         1.000000  0.224719  0.182333  0.138053  \n",
       "eb           0.224719  1.000000  0.108262  0.045098  \n",
       "gender       0.182333  0.108262  1.000000  0.631611  \n",
       "Tag          0.138053  0.045098  0.631611  1.000000  "
      ]
     },
     "execution_count": 16,
     "metadata": {},
     "output_type": "execute_result"
    }
   ],
   "source": [
    "copy.corr()"
   ]
  },
  {
   "cell_type": "code",
   "execution_count": 17,
   "metadata": {},
   "outputs": [
    {
     "name": "stdout",
     "output_type": "stream",
     "text": [
      "<class 'pandas.core.frame.DataFrame'>\n",
      "RangeIndex: 891 entries, 0 to 890\n",
      "Data columns (total 18 columns):\n",
      " #   Column       Non-Null Count  Dtype  \n",
      "---  ------       --------------  -----  \n",
      " 0   PassengerId  891 non-null    int64  \n",
      " 1   Survived     891 non-null    int64  \n",
      " 2   Pclass       891 non-null    int64  \n",
      " 3   Name         891 non-null    object \n",
      " 4   Sex          891 non-null    object \n",
      " 5   Age          891 non-null    float64\n",
      " 6   SibSp        891 non-null    int64  \n",
      " 7   Parch        891 non-null    int64  \n",
      " 8   Ticket       891 non-null    object \n",
      " 9   Fare         891 non-null    float64\n",
      " 10  Cabin        204 non-null    object \n",
      " 11  Embarked     891 non-null    object \n",
      " 12  eb           891 non-null    int64  \n",
      " 13  gender       891 non-null    int64  \n",
      " 14  Tag          891 non-null    float64\n",
      " 15  E1           891 non-null    float64\n",
      " 16  E2           891 non-null    float64\n",
      " 17  E3           891 non-null    float64\n",
      "dtypes: float64(6), int64(7), object(5)\n",
      "memory usage: 125.4+ KB\n"
     ]
    }
   ],
   "source": [
    "e1 = np.zeros(891)\n",
    "e2 = np.zeros(891)\n",
    "e3 = np.zeros(891)\n",
    "for i in range(891):\n",
    "    if copy[\"eb\"][i] == 0:\n",
    "        e1[i] = 1\n",
    "    if copy[\"eb\"][i] == 1:\n",
    "        e2[i] = 1\n",
    "    if copy[\"eb\"][i] == 2:\n",
    "        e3[i] = 1\n",
    "copy.insert(15,\"E1\" , e1 , True)\n",
    "copy.insert(16,\"E2\" , e2 , True)\n",
    "copy.insert(17,\"E3\" , e3 , True)\n",
    "copy.info()\n"
   ]
  },
  {
   "cell_type": "code",
   "execution_count": 18,
   "metadata": {},
   "outputs": [
    {
     "data": {
